[/usr/share/plasma/desktoptheme/default/dialogs/background.svgz]
10448672117589619432=63,48,32,16
10916470501787583136=151,16,6,32
11035571389765589879=47,16,16,32
11516240213406137713=40,30,4,4
11706300983244814297=0,30,9.9999999e-09,4
12163388638533043108=20,10,4,4
13178556593845995471=0,30,4,4
13206027588958668790=95,48,16,16
14429482601935958628=76,54,2,10
15000142786198355195=113,16,6,32
15938726892794144997=20,50,4,4
16103163674378867276=47,0,16,16
16669362785883276533=63,0,32,16
16991575419018267994=6,48,32,6
17166184723113049675=119,16,32,32
17169471098885016785=0,48,6,6
17261252285957883550=20,10,4,1.000000082740371e-08
17914335078502941519=151,10,6,6
18099834074971687794=47,48,16,16
18268254160173043120=0,10,6,6
18314598768499294855=6,16,32,32
2465430766504826166=38,16,6,32
2493640550222616886=0,0,5,5
3361745324182034869=0,16,6,32
4695552903318118462=119,10,31.999989999999997,6.000021
4749289908874156840=38,48,6,6
474999050630406197=101,33,10,2
5353567525331136784=44,30,1.000000082740371e-08,4
5632114906758143760=151,48,6,6
6002789355175523338=119,47.9999785,32.00000800000001,6.000021500000003
613459491011308199=38,10,6,6
6295007516464065767=95,0,16,16
6513528345671740132=20,54,4,1.000000082740371e-08
7112669770150358456=113,10,6,6
7430167662101795374=76,0,2,10
7813442841565616477=6,10,32,6
8781200989663850847=113,48,6,6
8821628809591563398=95,16,16,32
9771666750796573219=47,29,10,2
Invalidelements=650772031,123951494,3956182861,1111006516,3995593368,871732081,2475479024,3181335769,673887878,1582095215,2305964514,2711755051,2069398587,3191507159,2670899885
LastModified=1775563313
NaturalSize=157,64

[/usr/share/plasma/desktoptheme/default/solid/dialogs/background.svgz]
10406955760700501427=5.9999984,9.9999999,32,6
10801710047219967598=0,30,4,4
11547038854661083976=113,48,6,6
12123339470107912631=119,10,31.999989999999997,6.000021
12602714609227989327=5.9999984,48,32,6
12766425880381706157=20,10,4,9.99999905104687e-09
1328054937849317335=20,54.000004,4,1.000000082740371e-08
13961703792331518181=43.999996,30,1.000000082740371e-08,4
14399428572751424529=37.999998,16,6,32
14732515857319839254=151,48,6,6
15329475882361768006=-1.614502e-06,16,6,32
15513744051067351949=151,9.9999999,6,6.000000099999999
224193660630012196=20,10,4,4
2800782955228346642=151,16,6,32
4794376710181363869=20,50.000004,4,4
6011068656949168807=113,16,6,32
6463996179056619333=119,16,32,32
6907481556395114421=0,0,5,5
7949537083432911375=119,47.999982499999994,32.00000800000001,6.000021500000003
9102471608539542334=113,9.9999999,6,6.000000099999999
918669926517544816=39.999996,30,4,4
9890977165842715331=0,30,9.9999999e-09,4
Invalidelements=2233443197,9913325,734925202,2762643258,1425294982,798355778,1717161442,363732441,3315611405,3636901810,1702720009,2910420835,3169828443,3756095594,3487195084
LastModified=1775563313
NaturalSize=157,64

[/usr/share/plasma/desktoptheme/default/solid/widgets/panel-background.svgz]
10029689468338240706=76,0,2,10
10146359072524755095=44,30,1.000000082740371e-08,4
10221033601178861259=76,54,2,10
10340685889188452295=6,10,32,6
10760820502924007994=38,16,6,32
11878482046259806455=47,16,16,32
12275780255840959221=0,10,6,6
12813196479693611401=95,0,16,16
13018920739973588989=113,10,6,6
14441493724668133134=20,10,4,9.99999905104687e-09
14463892574364687167=63,48,32,16
14478030653663312820=151,48,6,6
14879396979137527684=20,10,4,4
15417393220336622043=95,48,16,16
15745625592119265940=0,0,5,5
15895051479395816522=63,0,32,16
16016450952969704404=0,16,6,32
16983676737558422517=0,48,6,6
17346153588416947626=38,48,6,6
17477195810504091703=38,10,6,6
1789603952343252141=119,47.9999785,32.00000800000001,6.000021500000003
2012890354088266890=80,54,2,10
2327008578326302731=20,54,4,1.000000082740371e-08
2329551686554637535=80,0,2,10
2641668676552108366=47,48,16,16
2908987780249043763=6,16,32,32
3293844553609539097=101,29,10,2
3516341428722513884=40,30,4,4
3884853650029897552=119,16,32,32
4042643048500512075=151,10,6,6
4691087884149271646=20,50,4,4
4729520784596776966=113,16,6,32
5349267765742780321=113,48,6,6
58713304867742560=95,16,16,32
6363089375743981796=151,16,6,32
7213112627480021153=47,33,10,2
795575144577472061=0,30,4,4
8002665757890738821=47,0,16,16
8703534802327421038=119,10,31.999989999999997,6.000021
9163616026595558710=47,29,10,2
9574749882642381695=0,30,9.9999999e-09,4
9607391112288923665=63,16,32,32
9817965562525073001=101,33,10,2
9998200062288560574=6,48,32,6
Invalidelements=1751513798,3290523000,419425855,2926381702,536290418,771342658,2250655028,1300854947,205073341,1229357631,774838117,3042255425,1414902824,2505999557,4022491833,1352575251
LastModified=1775563313
NaturalSize=157,64

[/usr/share/plasma/desktoptheme/default/solid/widgets/tooltip.svgz]
10645137321138888661=47,29,10,2
11692586336120652269=80,54,2,10
12702545021282198766=40,30,4,4
13297263601099391749=101,29,10,2
13840768699469940327=63,16,32,32
13842438838695445402=20,10,4,9.99999905104687e-09
13874257678113570275=47,33,10,2
14079284629793403109=0,30,9.9999999e-09,4
1490443081245943267=20,54,4,1.000000082740371e-08
14915774628224823531=6,48,32,6
16122478824680766162=20,50,4,4
16807388040676034749=6,10,32,6
1804375204312806161=47,16,16,32
18155633486469801519=95,16,16,32
2531114335336575508=80,0,2,10
2997824172214747965=0,0,5,5
50782874299516868=44,30,1.000000082740371e-08,4
5247713168148127069=76,54,2,10
5292479385098692003=0,30,4,4
5891690935577364905=76,0,2,10
6063462977791905677=38,16,6,32
7517487240717521388=0,16,6,32
7772786633404476256=20,10,4,4
8004444550198012685=63,48,32,16
8167093559933393772=63,0,32,16
8789148855746998548=101,33,10,2
Invalidelements=2286975295,2299490173,573176227,1303504480,1900895442,4107474864,1207400956,2491832663
LastModified=1775563313
NaturalSize=157,64

[/usr/share/plasma/desktoptheme/default/weather/wind-arrows.svgz]
NaturalSize=88,110

[/usr/share/plasma/desktoptheme/default/widgets/arrows.svgz]
2755909822417548506=15.000004000000002,30.000002999999992,13.999992999999998,13.999995000000013
LastModified=1775563313
NaturalSize=44,44

[/usr/share/plasma/desktoptheme/default/widgets/background.svgz]
10372433678671746476=13.00001200692786,63.00000000000003,32.00045319307214,11.999799999999993
1171040370494505091=1.0000119999999981,62.99939,12.000453,12.000610000000002
12244318907755847321=43,44,14,4
15070957783100115065=45.000465000000005,30.999396500000046,11.999541999999991,32.000591269239976
15250947978327685555=1.000012,18.99999999999997,12.000453,12
15955415726120587704=34,19,4,8
17107729782268120957=49,49,8,4
1961387004084160927=13.00001199313462,19,32.00045120686538,11.999400000000009
3486278645861683549=5,8.625,5,4.375
4547473802884952602=1.00000399999999,30.999396500000046,12.000001999999995,32.000591269239976
474924410695914017=1,44.062355,14,4
4936320151747327471=13.00045599999999,30.99938283906272,31.999997999999987,32.00000062694244
5636216244638057333=28,19,4,14
5671677184587756039=34,67,4,8
6721815907311308516=45.000012,18.99999999999997,12.000000000000007,12
8130595584131919779=45.00001,62.99939,12,12.000610000000002
8782427971790892875=28,61,4,14
9558958508333836439=1,49,8,4
Invalidelements=32586347,80061974,1322040821,681362564
LastModified=1775563313
NaturalSize=148,148

[/usr/share/plasma/desktoptheme/default/widgets/busywidget.svgz]
11297697196637445487=58.472801,281.12497,4.233333600000002,4.23333359999998
2087880179537720502=51.329166,279.53748,5.820833700000001,5.82083369999998
520279590246480396=-3.600000010317572e-07,0,35.983334,35.98333400000001
LastModified=1775563313
NaturalSize=136,136
busywidget=6x6,4x4,6x6,4x4,6x6,4x4,6x6,4x4,

[/usr/share/plasma/desktoptheme/default/widgets/button.svgz]
10160135507286715122=182,21,18,8
10636622024272316097=190,21,2,3
10755456258131886463=174,192,6,2
1103543142769733323=182,184,18,18
11360893769204209195=182,167,18,7
11880681713289704909=171,21,8,8
12703731633667865542=174,108,5,18
13050160129935470291=263,102,5,5
13404837873858089797=182,70,18,18
13464580739640908439=190,58,2,3
1385861717727921945=238,127,5.000000000000028,5
13964168640256424449=244,138,18,7
14078685400444843188=244,102,18,5
14353889390267665944=263,184,5,18
14442124211303089307=58,70,18,18
14743316834802409981=244,203,18,5
14811796249366355121=263,178,5,5
1491854528340241923=268,154,2,2
15076920950045223160=174,78,6,2
15259728052290519963=202,192,6,2
15720417876202050500=190,90,2,6
15840006738179121706=190,204,2,6
15892148187093218854=263,165,7,7
16080592061988629721=238,116,4,2
16393060287826639069=263,203,5,5
16460972564717519663=203,146,7,18
16658302278655783142=190,136,2,2
16673808025214250127=190,172,2,2
16759418956761533022=171,53,8,8
16889918240417140712=-12,192,3.9999999000000006,4
17139248368122731515=244,127,18,5
17282653907879155443=203,21,8,8
17436475494324602047=264,192,4,2
17695689436635850099=238,192,4,2
17933136745834234213=174,184,5,18
17966837420399666459=172,146,7,18
18046356100577516546=238,184,5,18
180506954022545355=236,165,7,7
18328278328975301907=202,78,6,2
18366042156642098399=190,134,2,0.0010000000000047748
189884108582513198=182,100,18,5
1953577570114490714=244,165,18,7
1996828712899573397=244,108,18,18
2073385963210261171=190,62,2,6
2173610387772470343=238,203,5,5
2260478804054622681=208,154,2,2
2557452862336030702=252,178,2,4
2787887035201838426=182,32,18,18
2797455477286068129=203,108,5,18
2802732677233912010=244,146,18,18
2820474291595930390=236,138,7,7
2933827269730355499=171,40,3,2
3073033044503909977=236,146,7,18
3255910662037978736=171,32,8,18
3506345083525479303=182,129,18,5
3728478063284482844=263,138,7,7
373610653760586363=182,205,18,5
3810065838344183564=172,154,2,2
4448916309352223057=252,170,2,2
4620812053662231290=203,70,5,18
4719579607942034278=264,116,4,2
4743611887183200953=244,184,18,18
4829731378664647212=182,108,18,18
4878886995264071008=252,128,2,4
5026284221548029394=190,100,2,0.0010000000000047748
5094728814483700639=263,108,5,18
5208621317223628746=208,116,0.0010000000000047748,2
5697187013027463419=236,154,2,2
5758804069279475176=208,40,3,2
5766919489886013086=252,204,2,4
5778611707542333364=182,146,18,18
58273304790080319=244,178,18,5
5871353849130692785=190,176,2,6
6186365268363926505=252,138,2,2
6221178525549904812=203,53,8,8
6297323084127486009=174,70,5,18
693293161815201319=182,62,18,5
7133033867978429963=-12,76,3.9999999000000006,4
7533953937625275245=182,136,18,7
7677921769620534397=263,145.99999618000004,7,18.00000001800001
851216999511821148=238,102,5,5
8693454587627977608=182,53,18,7.999999999999993
8749597919277480694=262.99999999999994,127,5.000000000000057,5
8881049362370072576=174,116,0.0010000000000047748,2
9154523980707429747=238,178,5,5
9157521366844957767=238,108,5,18
9510639690250238972=252,102,2,4
952415818685313608=182,91,18,5
969738859895142556=203,31.999998912499997,8,18.000001718478302
9788120138717103993=182,176,18,5
9995731498376733678=203,184,5,18
Invalidelements=4174578076,2985266171,436373044,4087069255,2705218401,957246897,1902640091,1584422990,694801496,3785772014,952116035,3375672482,267972046,695479424,914662488,1451732331,3291606285,2574474214,1992284015,2088819351,1851853620,3911723969,2608669690,3017412682,975805563,1747550332,3109913604,3254095857,3226826268,1144750165,2062988529,1895650883,1600346831,3243274172,3758168155,3448032336,961499088,3387039640,2277552473,851718371,833527005,2583044490,2544172808,1400613807,949745406,1954890090,2684571640,3463490244,1903730635,1723244267,39799790,1302697700,3019190655,3861271930,4282942644,3525154392,2886508968,2051098061,499601897,3545775750,3440420667,3028198246,1758690057,467701988,3165375501,634093162,3983352304,3404219483,2484123123,478706305,3049875280,599916914,2609661655,3397417419,2002825593,2244610233,247525428,586820263,3993694329,937292668,1566955119,2303116583,1867445837,942491499,2359949604,1852670269,462615517,550846046,1545446471
LastModified=1775563313
NaturalSize=288,224

[/usr/share/plasma/desktoptheme/default/widgets/clock.svgz]
14076016001499319864=-55,95,10,10
15257331052039575894=61.999996241684336,94.00000068799342,12.00000393505021,84.99999953993908
15355133438002334033=31.00000101164622,90.99999647705567,17.99999993407026,64.00000776558309
4603365220129828665=-7.000030000000038,-6.999990000000025,214,214
6373261429457632218=-265.82643600000006,29.173559500000017,141.65288100000004,141.652881
9681590893969701720=100,70,4,2
Invalidelements=1304269066,4227436405,3113159445,271039911,372551991
LastModified=1775563313
NaturalSize=200,200

[/usr/share/plasma/desktoptheme/default/widgets/glowbar.svgz]
5212211055047398253=34,34,12,12
LastModified=1775563313
NaturalSize=56,56

[/usr/share/plasma/desktoptheme/default/widgets/line.svgz]
1293454137208351454=2,0,1,1
16801316681160853702=0,0,1,1
LastModified=1775563313
NaturalSize=3,1

[/usr/share/plasma/desktoptheme/default/widgets/lineedit.svgz]
10401330560113015301=0,0,5,5
10554894915610376113=40,70,2,0.0010000000474974513
11102562672531167632=75,25,5,5
11890622148094455778=75,145.0009994506,7.000000000000028,7
12295261031727693400=40,0,2,6
13781996684629206953=-0.0010000000475,54,0.0010000000475,2
13945573803867539205=75,105,5,5
14147845727361060903=75.0000000011,44.999999999844995,5,20.00000000005
14260331582733955742=0,5.000000000044999,5,20.00000000005
14904031361765189762=80,134.00100708,2,2
149771049458535118=4.999994476540735,65.0000000001,69.9999969523904,5
15198730406468875660=40,150.00100708,2,2
15761030291135274729=4.999995559359405,118.001,70.0000048406406,7
16053706720457321438=0,44.999999999844995,5,20.00000000005
16059628082511237694=8,8,64,14
16094203299773296915=-9.999894245993346e-10,80,5,5
16367283705847455343=40,39.9990005493,2,0.0010000000474974513
16459384972932320302=4.999994477540739,40,69.9999969523904,5
16644603683512736449=0,-4,2.03293180466,2.07712602615
16737159036970529990=40,110,2,0.0010000000474974513
17172383201026825992=75,65,5,5
17523177460591428179=-2,125.0000000393233,7,20.001001535676707
1768792622549478877=75.00000000040001,124.999999450845,7,20.00100000005
17756404601317885671=80,94,0.0010000000474974513,2
18092006566972037004=-9.999894245993346e-10,105.0000000001,5,5
18106495897447892561=0,40,5,5
18366611479589534494=-2.00099992752,134.00100708,2,2
1848434447480575823=0,14,6,1.9999999000000006
2384300696515201120=4.999994477540739,0,69.9999969523904,5
3121511657740495400=4.999994476540735,25.000000000100002,70.00000400000945,5
3471646978656378510=0,25.000000000100002,5,5
3612298614269487739=40,118,2,2
3618648732759885450=4,-4,2.0329318046600005,2.07712602615
3797320086438615375=75.00000000099999,40,5,5
3840819642814136747=40,79.9990005493,2,0.0010000000474974513
4150051199393364186=4.9999990000000025,145,70.0000039880952,7.0000009999999975
4309302641991910468=75,118.000000451,7,7
4996954895149364999=8,48,64,14
5119169834057936983=75,80,5,5
5172077724417823591=-2.000000001000018,118.000000451,7.000000000000028,7
5849328615773028266=75.00000000099999,0,5,5
6334121092519918938=0,65.0000000001,5,5
6955277345023574490=-5.000018177270249e-10,84.99999999984499,5,20.000000000050008
7090621299690185805=-0.0010000000475,94,0.0010000000475,2
7841526001216453685=-2.000000001000018,145.00099945099998,7.000000000000028,7
8147976758094508146=75.0000000011,5.000000000044999,5,20.00000000005
8238839202473841578=80,54,0.0010000000474974513,2
8593944814946524768=75.00000000040001,84.99999999984499,5,20.000000000050008
8645538788846411596=74,14,6,2
8813516190026085640=8,128,64,13.999991999999992
9162792453203761852=4.999994476540735,105.0000000001,70.00000400000947,5
9452691451965963886=4.999994476540735,80,70.00000400000945,5
9571675373836695953=8,88,64,14
9912241461803824844=40,24,2,6
Invalidelements=29471479,2625495098,1571614506,732087534,1802624242,2741892306,3171793051,232320614,4166156438,341213957,196572614,725950396,1673183397,1974667655,1548979869,3171789269,2324675393,2516701637,3765666645,3512779447,1872995518,4175071924,2714598267,1999661450,2548801139,774553788,3151328895,124276742,2680234028,3101289484,3966754657,507006509,4021564227,1000042753,1880416301,1640708960,167688523,3797537693,2821306618,2531540089,2038179762,762518802,3015659,3390231444,3911913289,1145057553,3006610030
LastModified=1775563313
NaturalSize=80,30

[/usr/share/plasma/desktoptheme/default/widgets/listitem.svgz]
10580165336552160762=71.00000000000001,5.383812922222221,2.000036926144631,2.0003447777777783
11080901236225303192=28,44,2,6
11788104499408893004=22.000002222222214,53.00033500000001,2.000297777777785,11
13217487802347030410=23.999959999999998,51.00000022222222,11.00126257523478,2.0003447777777836
13536831557915387956=-10,-10,2.0329318,2.077126
13838138165883963118=59.99965999999999,5.383812922222221,11.001528480661094,2.0003447777777783
14250142845797914189=29,67,2,6
14587738144374640271=71.00000000000001,18.38379822222222,2.000036926144631,2.0003447777777765
1464359598189480123=58,18.38379822222222,2.000036926144645,2.0003447777777765
1535940427965412755=21.999924000000004,51.00000022222222,2.0000360691508483,2.0003447777777836
15588115003816964493=24,64,11,2
16891764591077666561=57.999623,5.383812922222221,2.000036926144645,2.0003447777777783
2997634530285268149=21.999964000000002,64.00000022222221,2.0000360691508554,1.9999997777777878
3289352083849564945=34.999964,51.000345222222215,2.000036069150859,1.9999997777777807
3609876138648194123=35,53.000345,2.000296888888883,11.000000000000007
4225693625137789261=17,58,6,2
5374901221629836534=60,18.384143,11,2
5464082358760839766=70.9997,7.3841577,2.000296888888883,11.000005300000002
7582251820828976599=59.9997,7.3841577,10.999998999999995,11.000005300000002
7713311657109161479=57.99970222222221,7.3841427,2.0002977777777886,11.0000053
8653417676923609646=38,58,6,2
8769982754998419609=24,53.000345,10.999999000000003,11.000000000000007
9904772734297776016=34.999964,64.00000022222221,2.000036069150859,1.9999997777777878
Invalidelements=4110694453,437481099,3437119834,1178907645,4191497852,1221308590,2046106964,1000309947,949662444,920151846,966720592,1803879236,1347154452,885147206,354223092,1824887070,4084075161,1627845889,2989717905,3539185294,2118845129,3323762362,3821436527,3690874854,1351251630,1242741646,992124555,2946893354,489791449,3704705080,617298214,1941954732,1071810931,2752728237,4240760865
LastModified=1775563313
NaturalSize=128,300

[/usr/share/plasma/desktoptheme/default/widgets/margins-highlight.svgz]
14691208039733748280=1,1.0125199999999381,4,4
4438979650870789822=1,5.012520000000109,4,4
6664750187913739427=10.029290000000003,1,4,4
Invalidelements=2606491779,2118830985,2943727568,718903882
LastModified=1775563313
NaturalSize=15,10

[/usr/share/plasma/desktoptheme/default/widgets/pager.svgz]
10518586886345579697=-13,14,10,7
11084986072780980918=-13,26,10,7
11104489484009170763=-14,26,1,7
12736319215557654943=-13,1.9999998,10,6.999999999999999
14630934000008377850=-13,33,10,1
15519734448258608529=1.1607215,1.2080072,1.0000000000000002,0.9941440799999999
16250878566636839134=-14,1.9999998,1,6.999999999999999
17112782795998520627=-3,1.9999998,1,6.999999999999999
18445157756748108528=-3,14,1,7
2847729982804692753=-14,14,1,7
4752285184101707703=-13,21,10,1
4913799629669123406=-3,26,1,7
4931830711546186983=-13,0.99999982,10,1
6176576247444361905=-13,13,10,1
7083368835329283122=-13,25,10,1
7819513188609843547=-13,9,10,1
Invalidelements=566220315,1471540297,3806822616,3034673634,2403102037,3259533353,743515083,3413307385,2392760951,2990074784,4185074833,2533652443,1257612824,1192072077,3166741296,2197495941,2973159698,2488986908,4083778892,628485685,3822722124,2448130419,3850151688,4029626766,3621104570,2852045190,1902583242,2357802356,727602332,2440535575,917359450,1897751201,1813805085,2084074902,3069398484,3211804615,3966931916,2021358636
LastModified=1775563313
NaturalSize=50,50

[/usr/share/plasma/desktoptheme/default/widgets/panel-background.svgz]
10503093337934231491=95,16,16,32
10756380314056324319=20,50,4,4
11366171875056816507=38,48,6,6
12204313895458200692=38,69,4,8
12495765205536430753=12,95,8,4
12662731099121508636=39,105,4,8
12758912266162377771=113,10,6,6
12882797234750946142=48,95,8,4
13433676011040282101=19,75,32,32
13496234658176644672=63,48,32,16
13526502012268146285=44,30,1.000000082740371e-08,4
13682003400785445624=0,10,6,6
13770355623238829414=38,16,6,32
14144318547008297787=47,48,16,16
15108739201565823042=113,16,6,32
15355497172335816734=20,54,4,1.000000082740371e-08
15408112515630493203=20,10,4,9.99999905104687e-09
16079967123669154887=119,16,32,32
16257824013049081526=47,0,16,16
16322282990169602577=101,33,10,2
17037494414063067843=0,48,6,6
17172793655033929005=0,0,5,5
17700716743838625283=151,10,6,6
18221029488462595478=95,48,16,16
2109131891374798722=119,47.9999785,32.00000800000001,6.000021500000003
2302996132187801472=76,54,2,10
249010348418480466=20,10,4,4
3015328949611324469=6,16,32,32
4315640357331212444=47,29,10,2
4525034597885634166=113,48,6,6
5282089015635989163=151,48,6,6
5874394033621176932=0,30,9.9999999e-09,4
6157754540890926837=119,10,31.999989999999997,6.000021
624907999951717708=40,30,4,4
6392688828611682699=95,0,16,16
6698427128753172361=76,0,2,10
6965186426199648513=63,0,32,16
7207872845586319254=47,16,16,32
7239366667056787923=0,30,4,4
7261415683992434521=38,10,6,6
7411358177784469274=0,16,6,32
7499050890671847969=6,48,32,6
8125370165032650562=6,10,32,6
8137794633383625967=151,16,6,32
Invalidelements=3324954682,2208824528,3418437259,1901233235,1758245417,3772944536,3161259454,3862214421,3609836224,3957023278,4254328809,1888498977,3097023511,2185446804,4209100023,3951830742,3889156329,2534655659,1059728270,2835845410,4044790689,611449261,1351886542,3517597947,808456769,3989674229,1789142969,4088954406,2365814665,3774184735,4282361794,3015753409,3226350796
LastModified=1775563313
NaturalSize=157,64

[/usr/share/plasma/desktoptheme/default/widgets/plasmoidheading.svgz]
1053549405443789127=-7,-7,5,5
10809017680996742593=51,6,6,6
11310027600600699896=13,12,6,32
12622337425131317605=99,12,6,32
13366722824797917037=61,6,6,6
13850044398822757347=19,6,32,6
14452679795169037285=67,44,32,6
14542039559497955510=51,12,6,32
1563330083072270446=19,44,32,6
16295240585191407786=19,12,32,32
1646440783647956855=61,44,6,6
1779180707968522525=99,44,6,6
3534044386428278503=99,6,6,6
6441895638918097215=13,44,6,6
7257379395092110438=67,6,32,6
7318386421772975800=13,6,6,6
758174198959240682=61,12,6,32
7716623498459245917=67,12,32,32
9893864674502388881=51,44,6,6
Invalidelements=1254796579,2804663115,1497525575,26690054,1053142447,2244191991,1691165130,749278677,4252616422,2456985558,1583966985,2354681881,900912820,217300883,4172214981,3661199096,2288728634,1681979666,1350197464,3081550900,2649561948,1410682373,3905422104,2590887350,268273752,3910537742
LastModified=1775563313
NaturalSize=173,56

[/usr/share/plasma/desktoptheme/default/widgets/scrollbar.svgz]
10885509939274597313=31,6,3,3
11361679485285478339=35,0,3,6
11569006843447079715=35,39,3,3
11917811696530507646=6,10,3,3
11930456445514152763=10,6,3,3
12359798685018760966=10,10,3,3
12561272275955036769=0,10,6,3
12665726207613732144=6,6,3,3
13517002217062173226=35,14,3,3
13781035006585095101=42,35,6,3
14281241084974739695=14,10,3,3
14371705973531196315=35,42,3,6
14824339925966466445=31,10,3,3
14880089943593890962=39,10,3,3
15071422602185369055=35,31,3,3
15171979523851244817=10,17,3,6
15285185340160570888=31,14,3,3
15383007215737858722=6,14,3,3
15468866453240479820=39,39,3,3
16677341505361906202=35,17,3,6
2277812669998502247=39,31,3,3
2381327740750705718=39,6,3,3
247668220998172029=35,35,3,3
2588734048173112770=35,10,3,3
3970467500655644943=31,31,3,3
4418827031850104923=39,35,3,3
4591782060124051334=14,6,3,3
4818745143300669990=52,4,6,6
5406556016564886297=42,10,6,3
5727404556328887813=-32.8756103516,46.7764358521,2,2
5816093198330627668=31,39,3,3
6247229332730550176=35,6,3,3
667105510532869428=10,0,3,6
6842279725042999240=17,10,6,3
6964319753686818154=39,14,3,3
7216428443221778676=14,14,3,3
7343005260237941408=25,10,6,3
8609771925470069766=35,25,3,6
8875062895808331052=46,-2,2,2
938274864986765523=31,35,3,3
9524517266413262047=10,14,3,3
9563990429632946221=25,35,6,3
Invalidelements=2363803114,2272354238,518426756,2211227353,2768483756,1042932457,4237549354,3499526166,893048544,1854229636,966903323,1069453157,1243072355,985316281,1818270817,2423650493,1417123864,1763722373,867928819,921923742,3372118723,587238161,2300174430,3450614623,3442627063,1061927966,813312117,343190876,3200733986,3995985101,1086978423
LastModified=1775563313
NaturalSize=48,48

[/usr/share/plasma/desktoptheme/default/widgets/slider.svgz]
12463982477670389113=66,98,24,24
12660969523227956847=11,40,3,3
12761887363729542117=2.2599621,4.6594176,2.0329318,2.077126
14329588641544033938=11,32,3,3
15208307836813417135=7,11,3,3
16806604666444737175=15,36,3,3
17076518708693257138=11,7,3,3
1919991777686285257=6.999999999967999,99.99999999956,19.999999999920007,19.999999999919993
4740742790503028855=11,15,3,3
5253479843197876302=11,11,3,3
7931692897468052515=40,100.000001,20,19.999999000000003
8386569989304243374=7,36,3,3
8659793605150254684=95,97,26,26
894598424045317209=15,11,3,3
9567480515658372643=42,6,20,20
9646595128977655908=11,36,3,3
Invalidelements=1238377077,3253477400,3608360673,4293619077,1707761263,2806636643,1401762113,1764024419,443771032,2344976232,2122109220,3569608458,3516813872,1641413545,2678567923,2010357437,1424620842,2257692930,2351300650,3572925109,3050479369,1234217029,1678873581,3300564792,4177102150,3319839796,3847111757,158016859,520353666,1444354911,4070337407,185698111,1875950633,1285227929,3671139274,2612931200,3998022529,3004659109,2463932712
LastModified=1775563313
NaturalSize=128,128

[/usr/share/plasma/desktoptheme/default/widgets/switch.svgz]
10276110552861859200=52,8,26,26
10317211788134196506=43.00000015,0.009999900000002171,7.999999949999996,15.990000199999995
10458761534526932800=38,0.009999900000002171,5,15.990000199999995
16028445764832535706=19.000000149999998,-9.999999761589606e-08,7.999999949999999,16.000000199999995
16031022079206745951=7,18,38,16
16293121982803227292=0,7.0100002,4,4
17481228926976951244=70.3846155,33.384614699999986,28.000000599999993,28.000000600000007
604160782967730905=29.999999900000002,0.009999900000002171,7.999999949999999,15.990000199999995
6705562434369429987=1,36,22,22
6963827321063419755=14,-9.999999761589606e-08,5,16.000000199999995
9902915635295200190=5.999999900000002,-9.999999761589606e-08,8.000000049999999,16.000000199999995
Invalidelements=3165235321,1938145330,1423611403,3830312969,3275770216,2195658564,2602320616,1166881413,3992630021,868435013,2673916720,4086248555,4190008323,3222315622,1512798900,402954137,1275043742,3910654002,3677320664,1044795063,3086943205,2080985530,3400386325,909602306,1399425083,996064773,3699757559,1524583700,1278939468,3815838685,4000589276,272850887,2265024997,3468419085,2156355584,1535567858,3421142295,1660112395,3099404929,1183674904,307468048,1048665208,3114389998,3142145099
LastModified=1775563313
NaturalSize=51,59

[/usr/share/plasma/desktoptheme/default/widgets/tabbar.svgz]
10538626996629697698=367,218.36218,6,5
11099264307723224634=363,214.36218,10,12
11725361930871748756=266,446.36215,10,4
13652689717505953582=283,214.362182617,80,20
14491130949070160351=266.00001,431.36216,10,3.0000051999999755
15331130258260651778=360,437.36215,6,5
1563389376203778688=320.241241455,446.3621521,5,10
16259181569051172552=273,218.36218,6,5
16303133460039122058=-233.82362,467.12659,41.362885000000006,41.12067000000002
17225174082941073565=356,446.36215,10,4
17368137119235223499=313.758758545,220.362182617,5,10
17655669992071529006=273,214.36218,10,12
18102674890310782109=276,434.36215,80,12
18171338205628727619=320.241241455,431.3621521,5,10
18335577348781967703=356,431.36216,10.000009999999975,3.0000051999999755
2043727170093747630=276,446.36215,80,4
3229298890838561266=283,210.36218,80,4
3960414690617860517=266,434.36215,10,12
4080447188624128761=276.00001,431.36216,80,3
4505101648508815870=266,437.36215,6,5
5684364011314658964=283,227.36217000000002,80,3
697258203397045014=313.758758545,210.362182617,5,10
916679422868208143=356,434.36215,10,12
Invalidelements=1298034367,573538380,1042949488,2326556591,483451511,2453104432,2126657184,2387382097,3997167791,2223249213,2476903419,1752993495,370563198,3110415668,2242186808,4129944452,2658718814,3606658877,1319459882,3539845296,4294060017,940052003,2365639284,2659451060,1167924757,1741974014,1725819904,2439842286,4085960220,2418501977,1623175430,1536235747,3725241922
LastModified=1775563313
NaturalSize=744,1052

[/usr/share/plasma/desktoptheme/default/widgets/tasks.svgz]
10053449956524868593=5,1,26,3
1119946651684677455=4.9999998,24.999999000000003,25.99999992,13
11201181501969196013=4.9999998,66.999994,25.99999992,13
11580124526799923239=5,21.999999000000003,26,3.000001000000001
11645962375733748421=155.99999540000002,92.00000024444182,10.999999799999983,10.999999800005142
1310610786805832539=1,1,4,3
13273383041388829967=31,42.99999880000001,4,3.0000003999999976
13365409961312007032=31,17,4,3
14261186805541276813=4.9999998,45.999998,25.99999992,13
1451680707588388851=31,63.999994,4,2.999994000000001
14619150405167226535=2,51,4,4
14712147635677866677=1,4,4,13
14728978778546014514=4.9999998,3.9999999999999996,25.99999992,13
15024805643443118915=1,37.999999,4,3
15365018823889521721=1,58.999998,4,3
15689046931292304280=31,21.9999995,4,2.999998999999999
16398820058638708346=31,79.999995,4,3
16996595898280271989=5,79.999993,26,3
17247245069238933208=1,79.999994,4,3
17753544036585259876=5,37.999998,26,3
17781294277738420316=31,58.999999,4,3
18112001690796612034=31,1,4,3
1845172048831094058=30,51,4,4
2059062173254972914=31,45.999997,4,13
2199669300902002859=31,66.999993,4,13
2219986805016951241=5,58.999997,26,3
2520885581708076202=16,43,4,4
2752976501009070969=31,4,4,13
3427641436444835985=1,43.0000012,4,3.0000003999999976
353449991333426239=1,22,4,3
3738340818052014116=1,25,4,13
4164164336010206191=1,45.999998000000005,4,13
4821221526735409948=1,64.000002,4,2.999994000000001
506285662849469282=1,66.999994,4,13
5211079158859800029=31,38,4,3
5343346443465298674=16,58,4,4
5779262000662625201=5,42.999998000000005,26,3
6205749313151128530=5,63.999998000000005,26,3
8088752730462540425=5,17,26,3
9278878881586114506=31,24.999997999999998,4,13
9390973007876574356=1,17,4,3
Invalidelements=3148320975,2026165185,1172898196,1905793815,1707574889,4055804696,794626213,246729969,897037066,3512648518,462633133,1919822469,3627028098,1529800508,2277102625,3878423299,446869778,1162094459,2820725151,1751986922,2054691330,3955038590,2869434744,509526355,1201326856,2690165569,1397439834,3842156229,2790078148,2518506931,3655462265,1790560223,3521679937,3537306567,802653911,471611648,1386624651,2367170628,3576845987,2637926916,281756272,3137788365,1028314454,1102979666,3864286235,4249563264,2873598266,2868255344,1956981146,1189951907,3413987776,3303918520,1832288109,261210586,4243419038,2361923102,3824091541,2680799874,2620024883,601796945,153331591,3375058313,4098522718,1704964143,3766000558,391792491,1837613066,2287167909,3780524582,652745727,1633049720,2571963915,1058534005,2141101274,1128487749
LastModified=1775563313
NaturalSize=144,126

[/usr/share/plasma/desktoptheme/default/widgets/tooltip.svgz]
10238325767706816515=63,0,32,16
10609479686665888201=20,54,4,1.000000082740371e-08
1093660711095217057=113,10,6,6
10960182313783969708=0,30,4,4
11903895408516417068=20,10,4,4
12649786242677213=47,48,16,16
12831064979242583789=151,48,6,6
12961489397137328586=76,0,2,10
12984674371995102376=76,54,2,10
12996301182626914916=47,0,16,16
13658842797833059778=113,16,6,32
14384157499422938020=63,16,32,32
15168179907349362169=40,30,4,4
16590804285970969146=6,16,32,32
1722065667778763300=20,50,4,4
17640751064180850738=0,0,5,5
17830034706173539246=44,30,1.000000082740371e-08,4
18033732002188615408=119,47.9999785,32.00000800000001,6.000021500000003
2018561453390819627=38,16,6,32
2167618815527539867=151,10,6,6
2407885022574865247=6,10,32,6
2548756710920247905=119,10,31.999989999999997,6.000021
2716439493939893631=95,16,16,32
3661676951232323622=38,10,6,6
3740737380396134895=95,48,16,16
3884146575040302917=38,48,6,6
4211445150687449192=47,29,10,2
4530359340691975139=6,48,32,6
4594578091957217892=63,48,32,16
4985795929810877024=0,48,6,6
5166853593897594842=101,29,10,2
5390291857890203067=113,48,6,6
5762808158642852718=101,33,10,2
5943507413706911238=47,16,16,32
668848343869907168=0,16,6,32
7055005665421407699=0,30,9.9999999e-09,4
7249651976982287091=80,54,2,10
7810736339841633275=119,16,32,32
7932027362488330926=95,0,16,16
7938540759756134578=0,10,6,6
7986930962703402414=20,10,4,9.99999905104687e-09
8147606210939991698=151,16,6,32
9080453949881705310=47,33,10,2
9876363791346036576=80,0,2,10
Invalidelements=605774739,861298443,2067263684,3947672769,1396242435,962182597,116464558,1157929637,2311816648,809869521,2724347436,2279842780,803455219,738024761,1023361486
LastModified=1775563313
NaturalSize=157,64

[/usr/share/plasma/desktoptheme/default/widgets/translucentbackground.svgz]
10527840571748958144=51,5.999969999999962,6,6
10812147961861201400=19.000000200000002,25.999969999999962,6.000003799999998,4
11053342152329529521=13,43.99996999999996,6,6
12310580079826846611=50.999985,11.999969999999962,5.999999500000001,32
13071387646350899437=33,37.99996999999996,4,5.999975199999994
13164866253058588099=51,43.99996999999996,6,6
14054042781706961147=33,49.99996999999996,4,9.999999974752427e-07
15258647097452110787=18.999985000000002,43.99996999999996,32,6
15971382656278001749=13.0000045,11.999969999999962,5.999999500000001,32
1722727982403256754=19.000004,11.999969999999962,32,32
244728884916112580=0,-3.000000003794412e-05,5,5
2943002497035239608=18.999985000000002,5.999969999999962,32,6
4333965882498401980=62.999999,25.999969999999962,9.999999974752427e-07,4
741149661693601695=13.000003000000001,25.999969999999962,9.999999992515995e-07,4
8643654669052431093=33,11.999969999999962,4,6.000024800000006
8762006118731942321=44.9999847,25.999969999999962,6.000015300000001,4
9866095364055784943=33,-3.000000003794412e-05,4,9.999999974752427e-07
Invalidelements=356958780,2338524586,3857478653,2569049831
LastModified=1775563313
NaturalSize=121,56

[/usr/share/plasma/desktoptheme/default/widgets/viewitem.svgz]
10075184748581779732=151.0000001345632,140.0000000000001,46.00000051134879,5
11286860077590778819=127.99999835589199,62.000001838628805,46.00000051134879,5.000000399871965
11725510945041779823=49.928560000000004,-90.32326999999998,40,40
12365843612915442129=151,94,46,46
13848575487224521706=46,94,46,46
14106041981101957619=146,94.00001201887517,5,45.99999006457483
14638884876990176794=151.0000006322024,89,45.99999317980803,5
14910394821360725706=46.000001134563206,139.9999999999999,46.00000051134879,5
1517766533670763855=146,89,5,5
15266752240010101480=92.00000000000006,89,5,5
15606837201555535635=41,89,5,5
16526263876326643092=92,140,5,5
17443831917080107002=197,139.99999999999977,4.999999999999943,5.000000000000114
18031948320418044084=173.9999809521609,16.00006545878432,4.999999917600576,45.99999666264239
18083303614915095246=122.99998900407996,16.00000712040037,4.999999828570566,45.99999906752248
2880040645817197202=146,139.9999999999999,5,4.999999999999886
3220972364103249798=41,140,5,5
4213957322157400294=46.00000085385358,89,46.021998799519196,5
4731480739419889167=41,93.99999217607524,5,46.0000200743998
5594385410504165300=127.999999970142,11.000028081746905,45.99999843089921,5.00000025164195
6764846081557293276=128,16,46,46
8348507874779797004=122.99998900407996,61.99999685862883,4.999999828570566,5.000000399871965
8697321802378973437=173.99999862367352,61.99999996715184,4.999998041428569,5.00000208486415
872294491217175945=92.00000000000006,94.0000013150609,5,46.000016066661374
8763089285012335988=197,93.9999913147717,5.000009999999975,46.000016066661374
9095217283884847253=197,89,5,5
9525171000729450278=174.0000023912245,11.000028081746905,4.99999998749999,4.9998939653550565
9802178657532065873=122.99998900407996,11.000001567431184,4.999999828570566,5.000000249922209
Invalidelements=108666343,3130300675,1391073320,1131853380,672606523,1821554460,1380099479,1954522451,4028028067,3779706526,1085945529,742325043,2997199209,4085232759,635827548,1811488311,1718534137,3223819670,1400787662,1095027987,12190333,455919736,703225477,236048875,2186729912,2295994724,3575805722,3221994225,674041846,3582586688,2629420133,475974095,3676956122,449717925,2265165771,3487179508,3455405249,792155793,2649085437,1395506444,1263978645,549601856,609203508,1977857908,2037373291,2013567336,2678362607,3037109086,917117733,1226890476,3542744393
LastModified=1775563313
NaturalSize=257,161

[/usr/share/plasma/desktoptheme/oxygen/dialogs/background.svgz]
10017889225914287461=-83.000008,88.001045,16,16
10213786940990490338=-52.999996,43.001041,4,8
10839492449203472396=22.000004000000004,13.997771,5.000009999999989,7.000012999999996
112227941058186416=22,21.997819,5,5
12377591207973652747=28,22.000000167559996,7,5.000000032439999
12797737497072092127=-52.999996,96.001045,4,8
1298245245022644535=39.932091,71.44106639,8,5.000917000000001
13150470281528329632=-67,42.00103999999999,30,16
13203153019582966154=54.932091,77.6869622950882,8,8.000000094911812
13284331693496090580=28,28.000000303260002,7,7.000916496740004
13861099150960842114=54.932091,71.44106639,8.008698999999993,5.000917000000001
15463192036560136378=14,13.997800000000097,7,7
15543657159647595314=-83.000008,71.599373,8,4
15820827837971614464=1,1,5,4.375
15917579581527096001=54.932091,62.68696339,8,8
16826265182491450470=-83,58.00103999999999,16,30
17438972565095116804=14,28.000000303260002,7,6.999999664826092
17800262043807412886=48.932095000000004,62.68696339,5.000009999999989,7.996866999999995
17941122703482797627=21.999941413824,28,5.000057729402396,7.000066666666804
18145758665843923847=-36.999989,42.000004,16,16
18256746873121870156=-28.999996,71.599373,8,4
1901479106215770110=-36.999989,88.000008,16,16
1937355133762227401=-37,58,16,30
5432967147958778902=28,13.997800000000097,7,7
5903073774827687680=39.932091,62.68696339,8,8
5973078539305002462=14,22.000000167559996,7,5.000000032439999
7167864605548689498=48.93208860462048,71.441991064073,4.9999999872137195,4.999998500000004
8691213432654236137=-67,88.00103999999999,30.032364,16
8807082403626023236=48.93202800000002,77.6869622950882,5,8.000000094911812
9130375548385028101=39.932091,77.6869622950882,8,8.000000094911812
9545555298549894259=-83.000008,42.001011,16,16
Invalidelements=1292382653,3670130579,3819291063,285493612,481451283,63504287,2183835722,2386420732,2854816448,3439134775,10716960,81970807,2388513536,1177668287,3769593908,2417310564,3316691281,3314930949,809833331,2556051125,1865253914,2564663464,1294874194
LastModified=1775563484
NaturalSize=48,48

[/usr/share/plasma/desktoptheme/oxygen/widgets/arrows.svgz]
6802336340013971923=3.968749991707,7.937502900000027,3.704166899999999,3.7041670999999496
LastModified=1775563484
NaturalSize=44,44

[/usr/share/plasma/desktoptheme/oxygen/widgets/background.svgz]
1226287826558839493=10,10,11,11
1359658449023697857=22,10,5.000013999999993,11
16611782843685359492=22,21.997819,5,5
18112377607528330618=10,22.000000167559996,11,5.000000032440003
3086207502398890283=28,22.000000167559996,11,5.000000032440003
3558327835951640683=10,28.000000303260002,11,11.999999996739994
5313341563999044563=28,10,11,11
7110395670001356217=21.999941413824,28,5.000058586175999,12
7631379230631996547=28,28.000000303260002,11,11.999999996739994
8500146692805322391=1,1,5,4.375
Invalidelements=3394775466,1617822399,2531331478,2356271315,3507777656,4080805326,1612278553,2186601167,894956123,2465612361,570170146,4291722161
LastModified=1775563484
NaturalSize=48,48

[/usr/share/plasma/desktoptheme/oxygen/widgets/bar_meter_horizontal.svgz]
1451814050527302356=68.94283899999999,38.32233,2.0037910000000068,8
15639044165677514792=60.54593,36.32233,2,2
17295461772145402044=70,36.329243,4,20
17807492052316551582=68.942829,46.32233,2,2
1792296426912949010=55.5459415,36.32233,2,2
18093556036550577538=55.5459415,38.32233,2.0037909999999997,8
1959972809453086522=55.5459415,46.32233,2.0037909999999997,2
2554146152794228167=65.946964,38.32233,2.9958700000000107,8
2655222744105523118=60.545936499999996,46.32233,2,2
3009655267280260244=37.653435,41.19239,3.4471454999999978,3.5355338999999972
3959890207018141376=63.942834000000005,46.32233,2.0037909999999926,2
4071317457340819760=57.5459415,36.32233,2.9958699999999965,2
4185539933694441431=63.942834000000005,36.32233,2,2
4362118487513326310=63.942834000000005,38.32233,2.0037909999999926,8
5089083092380656692=60.545939,38.32233,2.0037909999999997,8
5225556544466907659=68.94283,36.32233,2,2
5442014084206403198=65.942834,46.32233,3,2
6927655310178465999=57.550072,38.32233,2.9958699999999965,8
8436768794003866573=57.5459415,46.32233,3,2
91718573017233814=65.942834,36.32233,2.9958699999999965,2
Invalidelements=1894163265,640760360,413743680,689537686,806959682,2302817542,3845613338,3523604161,1518557714,845879900,694283538,2832103635,103543778,3863331799,183954339,2624434586,2118208960,2204153786,4073020951,2476982994,1397783469,1906108319,1212118131,3217950185,505123949,2884169106,1483215569,317830658,971429884,1071856108,3585302641,2375982766,2887226382,3144353125,2666866144,1381517923,1399925090,4177649068,3231851270
LastModified=1775563484
NaturalSize=132,32

[/usr/share/plasma/desktoptheme/oxygen/widgets/busywidget.svgz]
6531559661662377598=-15,-15,130,130
LastModified=1775563484
NaturalSize=100,100

[/usr/share/plasma/desktoptheme/oxygen/widgets/button.svgz]
10048034065111713507=21,75,8,9
10149892607093311561=0.9999999000000002,2.9999997,4.000000166666659,3.9999999000000006
10211000285575431149=15,89,2,3
10591592870688501189=4,84,8,8
11360449330333024238=48,89,2,3
11597740499174361940=21,67,8,8
12243846213733367778=45,75,9,9
12721667211516888564=4,67.012779,8,7.987220800000003
13847101931846090495=1.0164301,46.628309200000004,3.9999998999999997,4.000000200000002
14424864471000849378=1.0001484,7,3.9998516,13
15094956820036861106=37,75,8,9
15358384912882790970=5.01643013,29.62831,43.0463879,4
15599360331913598047=59,79,3,1.999999900000006
1560628774573473271=4,75,8,9
15868492324002589287=48.000148200000005,20.000000200000002,3.999999899999999,4.000000199999999
16020721957284485716=21,84,8,8
16088985253880539646=48.0165784,33.62831,3.9998515999999995,13
17035192149868839495=0.9999999000000002,20.000000200000002,3.9999999,4.000000199999999
17340203869598349572=45,84,9,8
17651347132839667599=5.0164302,33.62831,42.9999998,12.999999000000003
17688228141978520938=5,7,43,13
2183568160654674604=48,68,2,3
2564229068978166728=1.0165786,33.62831,3.9998515999999995,13
2757131565859239990=37,84,8,8
2985108765409533770=48.0001484,7,3.9998515999999995,13
3021715047365090011=5.01643023,46.62831,43.0463879,4
3564657826553064384=1.0164301,29.628309199999997,4.00000016666666,3.999999899999999
4141346670488139957=4,79,3,1.999999900000006
5296923065914022710=48.0165792,46.628309200000004,3.999999899999999,4.000000200000002
5390176867143577471=54,67,8,8
5566287706223074794=48.01657893333334,29.628309199999997,4.000000166666659,3.999999899999999
5965760159503471040=4.9999999,3,43.0463879,4
5973689772018793815=48.000147933333345,2.9999997,4.000000166666659,3.9999999000000006
6105898418128021647=54,75,8,9
6753942765340602410=-14.555456,-12.661167,13.000001,10.000001
7156903911503054529=12,67,9,8
7359395041462706040=15,68,2,3.000001900000001
7625567409654018997=26,79,3,1.999999900000006
7650013269284400772=45,67,9,8
8650873194802778287=37,67,8,8
865612567856498312=12,77,7,5
9008406040844526477=54,84,8,8
9670009113993467584=12,84,9,8
9752196442362547593=5,20,43.0463879,4
9915714099593128944=37,79,3,1.999999900000006
Invalidelements=1447499936,439346974,3462969400,3840403497,2514090402,2991771487,788069695,183216066,2163884322,2400102189,4044800499,4235731072,2695895948,1950566813,4070912488,2965444121,1983063409,341052370,997720885,2897527215,2756592369,1502545875,2139566892,2057851825,3805144300,3326324510,245520429,296437200,1705985220,1303424223,2059830829,3073133474,3230340332,2471007096,3238933397,475571878,1484823691,2601919644,850356841,3223123389,896191903,280266165,144255367,3240771886,407433543,1150860142,3904188581,891662640,857153486,3035530432,2018350169,3444498454,1286008629,3181253467,488352146,3784759573,1342327956,1167556291,48352750,133059730,1629043453,2754669966,2239055573
LastModified=1775563484
NaturalSize=60,90

[/usr/share/plasma/desktoptheme/oxygen/widgets/clock.svgz]
12491197996037291302=125,100,4,2
12835651228958833988=119.8739999,108.20499,10.2810001,84.43800399999999
14784426614960282953=0,0,250,250
16895455897046927791=117.81798,119.03405000000001,14.127093000000002,13.583742999999998
2897690018897716254=120.4159998,109.52500099999999,9.215000200000006,102.635
4052170135110847931=-9.8290442e-09,6.2951663e-08,250,250
5172768660352536705=123,123,4,4
7591270653541206077=123,123,4,4
Invalidelements=3445040083,3904609038,1160719933
LastModified=1775563484
NaturalSize=250,250

[/usr/share/plasma/desktoptheme/oxygen/widgets/line.svgz]
13074423192375900205=37,76,42,3
2114690447324849919=33,34,3,42
LastModified=1775563484
NaturalSize=128,128

[/usr/share/plasma/desktoptheme/oxygen/widgets/lineedit.svgz]
10128491498351740016=-2.7400386,-1.3405813,2.0329318,2.077126
10513557785838481560=0,8,5,0.9999998800000007
10580203505751969335=43,61,9,9
10654228360611715114=18,33,1,1.9999998999999988
11139418591762375791=12,0,5.000000000046477,5
11185231583042605685=33,73,7,7
11778051586772021390=6,12,5,5
12556505050051230427=8.5,12,1,5
12898889736058702234=55,61,7,9
12996956857852825062=43,73,9,7
13166889431105642639=33,27,7,9
13895905506767722466=12,12,5,5
14379927537866046644=12,8,5,1
14401481552398585943=43,39,9,7
14474405405433320954=8,0,1,5
15031802965804928645=-6.0329318,5.922874,2.0329318,2.077126
1515447178974754491=-2,59,1,1.9999998999999988
15924349999561438693=55,73,7,7
16311689394142007228=12,6,5,5
17645843083043606297=33,51,7,7
17884518077055156704=33,39,7,7
18243318790128400484=55,27,7,9
2377963779491435553=0,6,5,5
256610164128796314=6,6,5,5
2758443554810985242=55,17,7,7
3306254128172422168=18,59,1,1.9999998999999988
365341836515966020=6,0,5,5
5180350205763661004=7,69,2,1
6089987012278861591=7,43,2,1
6123916854719542902=0,12,5,5
6235942311655840600=55,39,7,7
6591119720879835645=55,51,7,7
7728686384503349725=33,17,7,7
7757759485663647887=-2,33,1,1.9999998999999988
8519675821696885637=-4.647189468050554e-11,0,5.000000000046472,5
888704073189950583=43,51,9,7
888912516318110902=33,61,7,9
9240512848918766407=7,49,2,1
9418004274829813268=43,17,9,7
947447169671538793=7,23,2,1
9706243863380781026=43,27,9,9
Invalidelements=2185113961,2837594195,4102033763,4101229173,4236298194,79020974,3120744302,1011674632,2798347442,1508850748,1380315950,1856572053,239656661,226613222,2812292891,2051752360,796886306,2122875547,3720826020,529157665,3133414624,1595498166,3361392132,2703923695,3427686243,4292549105,143051640,2470649538,1047652975,2040331147,1276186914,3775599524,2217719025,3172127644,130426,338660527,1730469722,258509751,3278453864,3608324266
LastModified=1775563484
NaturalSize=17,57

[/usr/share/plasma/desktoptheme/oxygen/widgets/panel-background.svgz]
11373009182821639393=14.207009999999997,29.995599999999968,7,7
11422713604693757063=22.207009999999997,39,4,6
12294307001572126909=138.707908,81.78715099999998,5,5
1246864384899835836=3.207009999999997,54.99996999999999,16,16
12770175683657233338=19.207009999999997,55,30,16
12805107447406080909=14.207009999999997,23.995584000000008,7,5
13048318511371288638=6.207009999999997,25,6,4
13566357444004690329=28.207009999999997,29.995599999999968,7,7
14484746766146060998=28.207009999999997,23.995584000000008,7,5
14558833400788345429=49.20703,54.99896000000001,16,16
14856794606606664856=22.20701396248998,15.993272218499897,5.000010037510009,7.002312181500201
14884100380722156346=144.70791,81.78716,8,4
1519545872828356719=49.20703,100.99896000000001,16,16
15254128639048154941=23.207009999999997,7.999989999999997,4,6
15411856074393725221=33.20703,109,4,8
15596001532575307314=3.207009999999997,101,16,16
16999394007008068380=22.1904127698122,29.99556800000005,5.016596890187799,7.004444444444431
17259835409899135478=22.207009999999997,23.995603000000017,5,5
17571537622572730844=14.20701009999999,15.995568000000048,7,7
23130782819506825=138.70791,87.78716,4,8
3501572890354589159=28.207009999999997,15.995568000000048,7,7
3603424816110681817=3.207009999999997,84.59833,8,4
4285765864226538569=37.20701,24,6,4
5048961805408304563=3.207009999999997,71,16,30
6169808112643101629=0,0,4.207010300000007,4
6370572535952938661=139.70791,72.78716,4,8
7266197245809011123=49.20701,70.99896000000001,16,30
7794095578013714617=57.20703,84.59833,8,4
7841549871228384634=129.70791,82.78716,8,4
8698852389236535248=19.207009999999997,101,30.032364,16
98566422971477263=33.20703,56,4,8
Invalidelements=330363341,2940670140,3006732186,3751556646,2421556189,2638648196,1089791650,3622597086,797219,2347937930,1999571188,587921634,1252779744,853329961,2565050130,3747185334,2414157018,1029706188,3729033193,624911080,3080552811,191468544,3355545159,3373104943,2871565041,1576504957,805533078,1861091332,404014204,2071834899,3365569316,3223053275,252637414,885681077,1884470898,402497399,34257626,1945025591,15555940,2650787033,3493213828,2326376845,562608527
LastModified=1775563484
NaturalSize=184,117

[/usr/share/plasma/desktoptheme/oxygen/widgets/scrollbar.svgz]
10486473083723284989=-230,101,13,16
10892000461245525402=1,1,5,4.375
11787865995848313833=59,37,13,13
11963918780590784639=-113,76,5,13
11998737956438790984=-230,95,13,5
12214341453241241063=-230,118,13,5
12648380238069087551=-101,101,13,16
13248246403862930501=55,50,4.000000000000007,4
13579481534280930876=-113,-53,5,13
14042826722500654487=72.000001,37,4,13
15276957239639103645=-90,76,5,13
15374266994977340988=59.0000006,50,13.014025049700244,4
15413879234960313137=-107,76,16,13
15491548070827432265=-112.97658623985596,-39.00000502837065,4.989355999999987,113.00000514637264
15581808647760371178=2.4999998,9,11,11
16555237783259329946=-89.98935976014401,-39.00000502837065,4.989355999999987,113.00000514637264
16660211706170817395=-90,-53,5,13
18412279991328026414=-215.000000118002,118.01069023985598,113.00000514637264,4.989355999999987
18420426951125268576=72.000001,50,4,4
226136226631430265=-106.51320633206194,-38.722441,15.987209600000028,112.9999974
3281712410750779692=-26,8,16,16
3780200839876422290=55,33,4,4
3818302843365782955=55,37,4,13
4418331511216789853=-215.000000118002,95.02345376014405,113.00000514637264,4.989355999999987
515234857398862097=-101,118,13,5
5721622034305038353=72.000001,33,4,4
6935829684043580673=-101,95,13,5
8690106948923013100=-215.27755639999998,101.48679366793806,112.99999739999998,15.987209600000028
8736549705650644182=-107,-53,16,13
9045931117662949822=59.0000006,33,13.014025049700244,4
Invalidelements=1121722183,741983459,2407559344,2890449764,3675571058,1049147790,2919485333,2505269543,1440205832,2875276446,4138110380,1755780442,4012971539,2624316313,1865613312,4063246136,1900933273,2900546835,2144954675,2036958896,3765785969,3427470580,742735724,3010135805,29473949,3929468302,842211979,1522743486,3724400725,1348848113,570200678,3091784322,1150255185,1945534399,2187657092,2086543319,1177896157,2287039706,258370630,3617699058,1751540705,873652788,3195182284
LastModified=1775563484
NaturalSize=48,98

[/usr/share/plasma/desktoptheme/oxygen/widgets/slider.svgz]
10918424540060085533=10,15,5,5
12027036717072585206=93.999999,79.999999,24.000001199999986,24.0000012
1293694768220440793=35,3,5,5
13263251603397709888=95.999999,53.999998999999995,24.000001199999986,24.000001200000007
13987142692956519512=10,9,5,5
14127206447659722289=2,1.6594181,2.0329318,2.077126
16099260240627793938=10,3,5,5
16890099250408237982=41,9,5,5
3356359994975967805=4,9,5,5
3715254858547674549=29,9,5,5
4348080948012722187=35,15,5,5
6178180941261290694=35,9,5,5
7083224363560621072=46.0000008,68.00000000000001,19.999999199999998,20
7340328952040191671=16,9,5,5
Invalidelements=1787668787,2590778537,2268420138,3223547715,163552613,10407357,1559869456,3996856058,100974482,2254871639,3519650366,4145394963,4231140075,1597188493,860209263,603106531,281835004,1648637139,3465682359,2966000803,651079405,4046789506,1345719446,2189296822,2187279484,38300696,487369426
LastModified=1775563484
NaturalSize=128,128

[/usr/share/plasma/desktoptheme/oxygen/widgets/switch.svgz]
11170588125970306965=102.14545,26.000001,25.999999999999986,25.999999
13592878267417320042=2.64459843673054,4.7072000483389545e-07,12.500588769809138,25.000000058559987
14704739199373754166=50.14502132673054,-2.9279995680082747e-08,12.500588146285146,25.00000005855999
1751366259634596088=15.14518720000001,9.999999974752427e-07,14.99968100000001,25
183776681366492995=7.15438495113574e-08,26.1000003875,26.000000125,26.000000125000003
278875713960870052=62.645610199999965,9.999999974752427e-07,14.99968100000001,25
3275020682912524267=95.145454,1.0000021,42,24
448447703915572468=30.144865000269398,1.0707200047401267e-06,12.49973417306385,25.00000005855999
6288729666414372233=77.14545,26.000001,26,25.999999999999996
7613984847182817160=128.14545,38.000004,4,4
8171425794733425822=77.6452880002694,5.707200042261484e-07,12.499734173063842,25.00000005855999
Invalidelements=335535041,2693337598,4199565378,3263923062,197341961,4062049315,572369821,2096799798,3363194519,3338999700,3155988528,392800620,603092798,2337624670,3146784780,389389724,67105842,1897882590,2934022956,1934526888,2353034822,2852057189,3677229286,2590510395,3977643473,3266375957,4008606327,1475974960,3038973347,3433161406
LastModified=1775563484
NaturalSize=137,52

[/usr/share/plasma/desktoptheme/oxygen/widgets/tabbar.svgz]
10090188771476740389=38.24710000000002,2.2312703706006687e-05,25.0000475,24.999999895757142
1045319464058230866=48.247124,0,5,10
13897749867730714135=60.247130999999996,85.001022,6,5
14522793297914886944=60.247162,10,6,5
15447924495532578923=38.24711200000001,26.00002925101016,25,0.9999990330460555
16199508595397003886=41.410168,113.48624,11.748289999999997,11.679494000000005
284674527532576250=48.247093,90.001022,5,10
3747457846641979172=38.24708100000001,73.0009987159438,25,0.999999033046052
5676562842317151683=48.247063,73.001022,5,10
6175926690642320957=35.247059,85.001022,6,5
7652855125522957595=48.247093,17,5,10
9137995790574356743=38.24707000000001,75.00100079153914,25.0000475,24.999999895757142
9364034094272053017=35.247089,10,6,5
Invalidelements=412227328,131833676,1530062491,190376396,809488135,2713127235,1582554726,2597219674,2478793675,2919668015,3617538749,594331867,1713970149,3537304854,2655389746,1841678707,2587351978,3225319752,2344299675,2434112242,3505916100,3276552969,3247317738,104641148,3273350246,138319918,3822140503,3036634880
LastModified=1775563484
NaturalSize=100,100

[/usr/share/plasma/desktoptheme/oxygen/widgets/tasks.svgz]
12267628721788976630=15.999996,36.994144,1,1
1282425463003820561=15.999996,13.994144,1,1
12933154141209542150=35,13.9873399,5,1.0068053999999993
13110522867905257213=31.999995,7.9918759,2,4.9999991
13315667130140661070=6.999996,7.9918759,1.9999999999999991,4.9999991
1403471307260973437=15.999996,28.994145,1,1
14209743862105292210=9.999996,28.994145,5,1
14329187612414175333=15.999996,7.9918759,1,4.9999991
14420887196048500206=31.999995,5.9941449,2,1
16446417246935174220=6.999996,13.994144,1.9999999999999991,1
1673642153822153085=37.97998000000007,78.33549388144002,10,5.999949000000015
16933639840078757413=9.928802000000001,30.920816000000002,5.000009500000001,5.0021461999999985
17014132654533339082=6.999996,5.9941449,1.9999999999999991,1
265989645297160735=10.0000003,13.9873399,5,1.0068053999999993
2893900071022906866=40.999995,7.9918759,1,4.9999991
3292304345543974971=34.999995,5.9941449,5,1
3497457805161921098=6.999996,30.991876,1.9999999999999991,4.999998999999999
452340106821803669=41,13.994144,1,1
4858810969729539277=10.0000003,36.987339,5,1.0068053999999975
5337979707134890962=15.999996,30.991876,1,4.999998999999999
5569949766259373139=6.999996,28.994145,1.9999999999999991,1
5828069227777356410=40.999995,5.9941449,1,1
647224990673892530=9.999996,5.9941449,5,1
6677816493565276620=34.9999898,7.9919986,5.000009499999997,5.002146200000001
6777097705756212908=6.999996,36.994144,1.9999999999999991,1
7080000772394191828=-8,0,1,0.99414408
7260439103892705239=31.999995,13.994144,2,1
7587495951238074433=9.9999847,7.9919968,5.000009499999999,5.002146200000001
872226985739384834=15.999996,5.9941449,1,1
Invalidelements=271649306,63191847,1382543697,3325133364,4054025225,3332160530,1281607004,593203207,1005343923,373670215,4224523191,2682987176,3864067554,869236638,3040426727,1089364685,3180086618,2112657405,2640369006,3062175891,3867983315,2763120155,77609087,1326727865,2208109738,3468205867,245573151,994862468,2546588855,2220563677,2490600850,4287880648,3247323809,3135683829,2728560792,433773351,970105778,588713802,3525489922,2866182359,92103767,2188263743,1402197112,4236067786,829737669,2754161699,4146179382,3394067635,129017645,3589926960,3143043742,1472873586,2447177605,369263970,2597735965,272523190,2947935763,2206678923,1869119421,2930943847,717622595
LastModified=1775563484
NaturalSize=49,42

[/usr/share/plasma/desktoptheme/oxygen/widgets/tooltip.svgz]
10412203614194462301=48.93208860462048,71.441991064073,4.9999999872137195,4.999998500000004
11433925671701418059=22.000004000000004,13.997771,5.000009999999989,7.000012999999996
11449101699664518711=-83.000008,42.001011,16,16
12265932149903359079=14,28.000000303260002,7,6.999999664826092
12402825387123286353=-83.000008,88.001045,16,16
13533592194949203718=39.932091,71.44106639,8,5.000917000000001
13710034913440969500=1,1,5,4.375
13762018744004656924=14,22.000000167559996,7,5.000000032439999
1386316490110283160=54.932091,77.6869622950882,8,8.000000094911812
14144397363202879182=22,21.997819,5,5
14237713718890905657=-37,58,16,30
14419079181742314502=-52.999996,43.001041,4,8
15742736620015382684=-36.999989,42.000004,16,16
16166395683235829650=-67,88.00103999999999,30.032364,16
16473411183172428133=48.93202800000002,77.6869622950882,5,8.000000094911812
16556962891710348075=-83.000008,71.599373,8,4
17119895141001628035=-28.999996,71.599373,8,4
17299636470499142122=48.932095000000004,62.68696339,5.000009999999989,7.996866999999995
17483470958351566602=28,22.000000167559996,7,5.000000032439999
18420388122705810124=28,13.997800000000097,7,7
215355413766389260=39.932091,77.6869622950882,8,8.000000094911812
2580686027400058511=28,28.000000303260002,7,7.000916496740004
2923733478782622350=39.932091,62.68696339,8,8
3695245665948066737=-36.999989,88.000008,16,16
6049451812523020054=-67,42.00103999999999,30,16
6067960894803723603=14,13.997800000000097,7,7
6197253826565149598=54.932091,71.44106639,8.008698999999993,5.000917000000001
7244394048683524096=-83,58.00103999999999,16,30
8180634976058490924=-52.999996,96.001045,4,8
8569947669787851298=54.932091,62.68696339,8,8
9382221841259446263=21.999941413824,28,5.000057729402396,7.000066666666804
Invalidelements=1786325226,121545730,3477055837,976903129,3891663219,2250359084,2361579105,2757418325,3665480859,3520270648,3348845848,650058648,2164932956,550781723,2172934498,574187304,121049593,1011875967,2301083670,1065979017,2644083822,3080279054,3514152846
LastModified=1775563484
NaturalSize=48,48

[/usr/share/plasma/desktoptheme/oxygen/widgets/translucentbackground.svgz]
11294892931333230214=22,22.002199,5,4.997800999999999
12927727729591514656=22,10,5.000013999999993,11
144143912715705306=10,22.000000167559996,11,5.000000032440003
17321930477922653416=21.999941413824,28,5.000058586175999,12
17423501839718790638=10,10,11,11
3936611755944329131=28,28.000000303260002,11,11.999999996739994
4533243806467527753=10,28.000000303260002,11,11.999999996739994
4668235146407208860=28,22.000000167559996,11,5.000000032440003
6123226097645352889=28,10,11,11
6246838810632354615=1,1,5,4.375
Invalidelements=3068294539,1814620048,2353512208,3805998897,2652253291,1891177025,193721562,2675710240,729216878,2144094199,491031941,3260016935
LastModified=1775563484
NaturalSize=48,48

[/usr/share/plasma/desktoptheme/oxygen/widgets/viewitem.svgz]
10385122013822783559=70.43527999999998,60.99999999999994,3,48
10715654703769587413=121.43527999999998,60.99999999999994,3,48
11703600262962485318=133.66436099999999,58,3,3
12349587321066841137=136.66435099999998,58,48.000001000000026,3
13020432181948029681=73.435282,57.99999999999994,48,3
13196867431963201317=34.17797999999999,-54,40,40
13764202579946420162=70.43527999999998,109.00000000000006,3,3
14695507600797817167=184.664351,58,3.00000000000054,3
14831275576006663521=133.66435099999998,61,3,47.99999999999994
15500293868257483175=73.435281,108.99999999999994,48,3
16077691875810710484=184.664351,61,3,47.99999999999994
17313915854669305031=70.435282,57.99999999999994,3,3
2707228174569956110=133.66435099999998,108.99999999999994,3,3
3452428495433539466=136.66435099999998,61,48.000001000000026,47.99999999999994
4762135590973001339=73.435282,61,48,48.00000000000006
6241497624347554530=121.43528,109.00000000000006,3,3
6963045942379356665=184.664351,108.99999999999994,3,3
781937082603908792=136.66435099999998,108.99999999999994,48.00000000000003,3
8469606392642887823=121.43528,57.99999999999994,3.00000000000054,3
Invalidelements=1851540481,267990688,986231118,3426269398,3018652484,2938458915,4287969261,2535550437,2769799152,3616252500,3297597506,2456161519,3755138406,1094422968,1285761406,4087640433,3074077915,49280789,1622105601,3567480949,2269877862,3544756693,1155848163,3756409588,1555778625,1955515125
LastModified=1775563484
NaturalSize=257,161
